0 0 0 0 0 0 0 0 0 0  0
-------------------———
0 | 1 1 1 0 0 0 1 0 0 0 | 0 
0 | 1 9 1 0 0 0 0 0 0 0 | 0
0 | 1 1 9 0 0 0 1 0 0 1 | 0
0 | 0 0 1 0 0 0 0 0 0 0 | 0
0 | 0 0 0 0 0 0 0 0 0 0 | 0
0 | 0 0 1 0 0 0 0 0 0 0 | 0
0 | 0 0 0 0 1 0 0 0 0 0 | 0
0 | 0 0 0 0 0 0 0 0 0 0 | 0
0 | 0 1 0 0 0 1 1 0 0 0 | 0
0 | 0 0 0 0 0 0 0 0 0 0 | 0
------------------------
    0 0 0 0 0 0 0 0 0 0 0 


(x=1,y=1)
i=0..2
j=0..2

(x=2, y=2)
i=1..3 (x-1..x+1)
j=1..3 (y-1..y+1)

(2,9)

for(int i = x-1; i <= x+1; i++)
    if( i >= 0 && i < 10 && j >= 0 && j < 10)
        m[i][j]++;
